546
988
949
633
110
148
227
196
128
916
215
970
235
865
397
52
754
429
457
43
119
94
528
131
783
541
117
363
725
10
77
623
998
26
257
460
175
836
9
655
752
224
625
987
441
22
392
195
803
849
590
923
295
470
406
78
11
876
794
89
238
871
712
588
898
321
49
425
509
410
80
261
634
58
601
427
432
993
623
588
194
565
863
489
388
269
919
399
497
65
488
87
937
553
676
187
226
77
612
736
487
44
997
121
454
598
548
887
943
523
475
137
441
338
978
829
959
250
580
809
315
421
896
604
974
924
791
200
1
755
288
488
152
286
961
606
236
862
845
180
737
672
669
530
362
0
711
322
602
292
483
269
713
731
874
39
656
17
591
657
773
880
498
925
518
811
531
754
25
377
286
115
49
308
997
412
660
709
86
262
353
921
531
418
652
757
457
308
775
400
318
548
280
168
825
798
331
708
905
709
85
191
176
487
851
173
251
511
882
689
773
587
962
657
5
614
766
814
275
893
567
945
793
847
465
618
998
148
327
903
857
764
446
33
603
298
559
206
809
793
247
935
381
209
944
738
176
62
905
451
956
472
748
749
671
565
368
669
713
695
572
923
811
19
308
415
669
867
973
478
661
221
765
394
430
61
132
606
124
389
409
80
861
157
829
533
74
197
554
788
244
127
711
408
498
371
175
167
239
148
997
252
369
115
646
800
176
130
758
300
520
168
380
733
677
562
618
752
759
173
892
356
652
955
764
502
326
939
669
917
87
18
169
809
485
167
961
662
298
71
314
170
239
47
903
269
609
874
373
720
47
617
76
51
572
192
553
250
483
574
168
923
592
689
732
78
857
45
92
507
116
406
677
708
453
932
329
414
806
702
135
205
671
563
256
243
108
809
845
591
383
365
866
328
55
950
758
264
995
850
771
112
608
800
172
62
84
501
828
891
555
315
448
226
231
705
821
339
866
666
282
250
32
149
930
439
451
688
703
447
538
826
911
498
978
83
912
62
936
741
305
491
56
754
717
287
459
890
978
677
556
613
279
940
114
209
379
565
897
434
364
787
260
275
286
238
710
198
653
646
291
958
489
700
712
558
339
523
448
318
201
357
931
832
297
45
42
29
962
291
463
327
431
76
602
69
666
665
619
671
