10
15
332
30
240
60
833
67
154
533
58
71
477
939
808
746
242
583
828
200
508
673
301
490
718
409
521
929
755
284
738
902
226
70
285
467
482
470
886
636
355
297
60
185
236
868
931
830
451
759
382
959
785
683
802
855
93
675
784
200
959
874
454
185
296
739
652
778
209
539
414
565
836
474
750
424
694
33
254
145
144
637
457
929
672
259
784
117
934
920
317
893
794
124
430
90
863
83
220
425
974
635
342
162
461
444
586
156
477
192
653
621
829
110
903
502
721
687
619
655
608
289
900
754
413
683
197
628
766
417
53
92
404
747
606
218
191
192
374
668
736
379
642
566
490
545
420
211
232
391
219
192
680
471
947
445
154
144
74
272
913
479
364
318
227
322
536
770
514
262
439
251
641
81
169
483
978
941
47
210
332
266
755
365
89
702
810
596
198
236
868
111
68
585
781
647
907
317
417
774
931
208
377
573
641
898
56
619
839
455
182
171
721
937
536
163
991
699
759
189
935
979
652
355
916
434
2
176
103
772
302
35
980
31
960
622
929
16
241
768
472
423
291
545
712
828
60
703
879
171
244
166
503
249
522
771
35
876
947
138
648
249
525
629
632
485
251
561
854
492
681
678
268
973
223
332
153
636
388
32
159
632
198
662
233
720
434
268
949
733
407
597
335
932
226
967
418
477
529
272
322
210
950
942
535
525
626
688
513
14
720
673
647
271
687
880
343
121
149
292
207
908
890
542
192
116
861
610
946
390
234
620
953
536
914
488
414
540
177
927
555
249
952
554
520
640
434
864
113
935
156
320
195
398
214
388
867
76
350
813
818
937
785
123
473
699
612
239
591
141
519
146
742
471
52
263
463
839
479
577
774
987
249
322
386
464
710
605
892
412
770
710
349
555
186
175
606
150
414
549
291
933
696
385
757
748
0
220
587
479
797
714
819
399
388
557
215
98
162
107
862
932
169
212
839
355
739
797
505
153
346
148
439
42
534
196
143
534
768
82
366
918
148
537
317
536
94
532
986
608
639
201
892
160
413
731
516
152
528
373
657
874
522
448
269
56
996
764
942
765
198
660
683
699
197
352
587
291
884
926
251
875
127
143
35
892
874
903
396
754
277
53
629
151
854
250
207
850
366
501
