528
749
851
395
983
795
992
502
347
340
26
759
13
408
308
684
711
199
136
384
280
652
917
561
148
885
224
251
281
449
822
809
550
25
557
886
821
549
388
168
241
766
279
606
526
940
290
238
491
426
974
123
430
243
684
578
480
261
182
761
62
4
923
613
382
480
851
203
381
591
723
622
357
354
581
235
646
223
825
138
650
799
261
432
395
298
363
875
559
545
989
621
549
264
586
931
744
437
486
477
28
561
451
737
916
32
325
562
256
150
700
258
302
314
690
697
612
53
924
523
598
913
496
500
177
435
783
273
224
270
750
605
831
202
694
99
586
19
662
842
170
714
452
824
380
495
521
344
548
445
867
499
711
716
999
240
151
134
866
375
756
616
332
940
170
27
39
757
46
53
951
568
120
756
392
500
251
265
845
799
63
64
650
774
780
1
366
931
136
232
659
892
849
343
832
371
370
872
480
769
277
784
337
397
540
730
898
791
347
95
942
410
159
945
184
940
946
551
223
82
783
234
327
984
578
159
708
948
383
188
717
661
324
407
58
864
489
308
7
836
403
302
247
915
247
783
855
545
334
430
628
470
665
955
806
595
466
866
895
202
407
613
215
731
372
625
948
861
934
307
697
689
961
944
604
560
80
811
106
766
242
734
236
259
41
395
854
859
613
749
61
20
714
276
104
86
902
404
947
836
711
997
877
25
293
482
585
373
293
691
140
887
777
728
146
818
475
352
678
89
102
739
461
168
368
917
255
270
321
554
458
33
903
335
410
197
169
995
922
463
687
414
702
464
143
849
635
970
553
665
411
7
756
873
176
124
790
783
394
112
689
204
497
593
540
259
142
61
254
64
524
293
479
579
110
974
780
745
296
333
410
708
341
518
933
517
643
723
300
389
187
989
594
36
934
486
295
76
547
902
493
424
195
324
3
305
298
783
402
594
468
164
654
809
683
587
326
678
663
978
67
202
320
13
239
254
851
886
683
751
140
176
527
336
500
530
993
150
665
748
96
133
264
103
295
299
690
621
977
353
952
397
556
272
762
147
878
614
385
913
717
526
89
244
214
941
126
559
443
791
307
892
276
572
995
571
223
685
545
201
391
849
950
299
473
712
446
703
678
831
617
395
709
706
639
923
0
765
483
443
