620
279
88
282
371
863
428
318
221
430
566
498
844
889
345
287
920
466
747
450
124
919
653
986
208
247
402
905
704
84
404
324
363
844
606
86
60
386
404
281
168
322
131
365
563
828
4
483
294
751
934
771
23
939
109
583
186
512
488
890
596
245
214
959
89
172
398
149
911
802
783
431
477
266
796
40
95
801
524
741
904
810
864
927
749
974
511
936
838
351
826
434
596
393
745
686
917
143
187
828
298
322
260
775
941
408
815
388
209
691
129
114
501
346
393
251
672
904
187
510
256
365
296
204
758
41
242
676
537
782
856
835
104
468
962
45
877
777
433
438
821
915
904
322
613
298
925
637
554
464
147
810
830
795
367
588
836
609
616
373
391
473
560
848
293
522
893
170
652
679
961
473
946
865
147
559
515
73
196
70
537
695
232
719
490
599
308
678
561
276
404
952
749
964
800
43
839
46
565
843
77
526
668
23
744
815
934
259
240
482
681
130
177
914
849
19
865
157
49
426
786
453
379
887
770
531
930
609
929
848
804
6
726
472
29
470
639
315
82
880
797
763
10
326
29
211
345
895
721
747
673
507
200
404
394
970
936
677
931
865
525
735
224
251
559
253
74
199
569
508
431
718
623
793
45
653
4
742
900
725
489
573
232
690
978
627
12
266
304
944
483
181
31
707
784
591
313
858
142
234
718
573
952
342
366
997
347
370
740
247
96
229
172
680
271
502
307
284
768
963
228
604
144
611
311
929
202
624
139
344
210
858
917
163
552
635
160
899
358
252
498
454
834
22
486
105
525
794
741
645
109
321
249
254
933
561
535
135
537
674
832
748
884
101
263
436
737
423
687
95
28
185
901
862
208
387
967
85
533
61
730
643
382
980
249
315
893
784
803
430
810
635
530
695
736
793
483
825
569
171
272
597
356
525
811
916
913
130
1
798
191
732
441
574
64
42
889
957
826
692
739
989
679
622
684
768
415
167
945
336
690
218
285
399
743
96
315
8
579
669
807
770
401
600
344
465
643
586
422
821
630
513
810
662
135
846
430
903
366
375
239
56
945
877
807
689
325
123
697
904
792
856
675
545
457
371
10
452
957
784
625
940
297
788
602
785
634
32
688
352
759
927
761
705
156
568
746
482
691
443