10
622
437
210
959
409
998
144
451
720
971
290
575
507
843
441
391
767
226
709
286
562
247
832
853
663
319
475
97
637
658
364
259
95
574
219
504
572
363
308
645
687
950
220
194
793
661
937
560
888
998
847
450
245
31
656
909
702
483
358
339
141
722
951
236
296
170
93
221
885
401
866
924
351
86
119
496
99
408
57
339
407
256
142
4
639
798
265
341
281
623
681
422
697
984
10
994
506
103
567
391
856
433
668
207
871
787
704
970
547
113
662
306
721
804
311
360
602
576
701
235
552
734
657
249
718
667
595
576
123
162
968
979
947
636
539
818
775
595
141
674
708
803
981
781
959
292
141
561
220
194
796
772
929
805
22
999
824
969
576
299
132
896
279
79
884
818
250
11
765
391
685
473
546
666
254
505
310
747
418
531
941
566
303
222
371
677
222
547
647
150
847
131
398
126
210
282
296
812
645
61
555
682
886
101
349
492
958
11
591
728
542
532
294
198
755
665
227
329
213
226
831
60
357
229
538
920
863
186
732
860
599
288
542
485
741
243
329
52
255
920
780
797
452
75
995
559
92
575
240
657
801
423
717
159
4
607
431
867
793
163
727
392
803
622
229
897
865
910
949
120
830
729
918
635
804
265
546
897
840
787
906
994
562
624
153
567
583
584
786
729
99
866
473
255
488
703
152
353
613
101
474
796
830
744
431
987
361
977
236
202
116
142
196
31
118
701
598
702
637
384
783
88
250
256
343
738
311
495
444
925
948
270
73
779
14
504
118
375
833
354
929
302
848
477
333
967
530
931
21
519
667
804
608
918
412
951
8
724
799
452
1
747
722
74
878
88
930
996
816
763
702
97
417
551
575
750
870
457
33
891
977
701
47
937
971
459
888
331
183
39
136
184
139
210
610
17
299
540
366
467
304
68
564
721
619
491
824
489
949
857
732
278
910
779
215
233
591
455
565
774
495
701
311
986
911
921
3
210
462
369
677
118
790
594
191
409
85
15
251
386
225
983
664
135
115
879
721
706
687
286
832
534
987
143
520
898
417
875
461
231
597
490
349
387
84
540
148
522
908
399
908
133
735
573
620
850
804
341
908
843
979
740
377
966
236
897
217
5
773
678
236
370
520
937
109
605
829
257
127
