100
551
917
847
513
304
922
64
165
967
807
71
620
416
385
199
632
256
991
684
144
197
965
357
261
117
57
430
265
442
677
717
993
947
564
506
251
838
922
768
158
81
840
778
849
225
977
482
833
320
518
977
870
483
686
483
952
743
914
569
185
943
286
530
242
202
37
493
41
311
262
551
393
454
329
242
31
658
724
864
331
594
193
201
77
879
36
381
974
302
950
511
246
236
41
488
439
78
334
832
742
948
383
135
402
64
729
785
722
806
1
405
400
194
958
478
425
995
859
399
297
810
262
895
398
303
736
837
734
70
21
476
18
404
963
772
468
692
557
543
498
558
948
899
104
259
729
529
254
588
280
903
750
542
799
501
197
535
690
931
957
712
759
975
468
722
99
937
415
656
832
265
566
132
164
670
391
893
551
997
834
831
901
936
725
52
437
922
939
480
206
896
192
317
223
660
40
322
949
807
330
133
72
896
266
589
918
9
482
469
7
668
300
260
605
377
664
394
299
603
874
857
851
418
175
74
431
567
748
380
726
78
866
150
326
132
739
244
493
574
713
500
242
365
112
199
742
776
946
393
731
820
251
582
239
778
8
22
345
108
754
423
186
620
573
864
104
665
108
598
591
173
450
833
538
915
385
280
691
331
674
775
503
277
357
94
55
718
116
752
826
871
527
365
491
452
229
596
117
690
546
60
863
996
894
402
911
631
34
955
962
60
730
817
689
439
912
744
157
28
848
984
899
375
349
391
180
930
339
297
620
237
710
484
585
956
238
849
587
624
804
901
37
886
718
726
325
630
823
835
659
671
819
910
399
520
653
579
802
992
228
423
581
938
907
167
894
497
16
833
121
820
734
510
58
805
237
383
435
60
570
446
83
741
357
834
261
10
413
416
355
994
839
936
284
98
103
531
595
471
364
68
643
451
931
701
256
168
437
691
580
7
490
15
749
847
850
362
857
615
778
564
961
969
501
246
67
956
777
14
428
493
435
71
944
366
125
200
886
562
244
466
921
734
481
670
933
683
385
790
299
515
707
260
485
560
858
552
516
635
919
296
481
354
720
425
72
845
978
958
759
574
776
680
308
609
351
241
293
88
383
944
603
442
204
88
2
415
993
871
402
912
167
883
618
239
661
690
84
639
