224
468
571
535
29
683
661
379
399
790
896
144
692
814
824
152
263
248
756
335
408
699
606
491
74
276
544
43
504
245
266
729
65
837
264
95
873
277
826
272
67
722
769
111
888
593
264
151
194
20
486
602
71
444
445
145
721
342
540
225
587
806
306
4
996
922
99
869
200
277
493
619
999
262
731
240
208
995
391
402
367
230
356
439
674
801
936
747
143
477
325
82
635
631
87
631
554
538
852
106
816
346
725
167
960
808
407
520
803
151
922
523
381
278
962
407
432
250
155
927
79
480
10
715
463
449
698
17
339
903
123
155
601
201
675
561
9
82
434
813
233
356
688
966
987
650
374
771
900
529
698
980
361
60
47
824
509
97
842
849
0
317
356
601
518
383
515
528
466
949
693
51
657
381
18
644
383
744
415
635
625
466
967
986
526
14
810
388
464
4
237
464
674
945
418
192
329
933
72
147
234
117
550
891
850
920
536
233
664
303
221
289
121
188
275
648
555
438
36
19
794
625
835
468
922
253
13
603
538
85
750
772
555
653
664
405
573
552
639
590
207
212
879
329
400
507
977
955
297
365
326
91
342
514
560
264
767
573
868
658
10
970
430
565
975
94
971
549
998
962
139
206
174
370
535
926
877
864
234
526
581
912
618
923
426
530
539
546
455
759
204
465
730
634
383
57
81
706
958
431
668
97
637
194
820
524
472
49
740
706
576
321
619
194
596
397
76
136
943
531
895
147
348
977
134
731
35
567
437
993
998
457
443
988
3
263
512
476
312
605
534
240
926
505
786
523
903
862
659
198
393
906
346
94
884
832
825
919
751
615
264
749
424
707
89
428
322
954
256
635
559
142
227
837
648
14
712
903
876
371
101
622
630
447
716
514
631
893
785
382
860
49
484
285
757
573
713
79
527
321
66
438
463
294
276
463
308
988
366
536
712
468
158
342
267
226
208
899
472
993
633
332
42
117
617
151
691
682
583
570
355
649
361
819
295
637
282
955
977
1
492
41
469
2
735
736
581
943
987
53
288
621
737
331
738
707
834
781
741
417
704
97
419
65
268
714
54
902
670
383
903
514
425
372
516
512
461
449
456
448
502
744
69
240
427
160
947
262
941
688
31
997
137
450
62
405
517
468
308
539
