512
355
133
826
690
609
335
706
720
178
754
144
585
647
801
322
349
661
697
544
466
622
949
593
41
418
739
550
267
808
728
131
164
861
958
854
822
645
561
542
176
667
39
113
314
192
435
663
853
484
560
319
107
861
264
148
631
3
698
898
812
426
382
328
639
340
182
462
337
95
356
865
763
747
978
429
939
413
445
793
898
357
464
357
218
729
857
201
84
555
99
248
334
481
576
325
173
759
139
863
206
496
728
321
595
707
103
535
472
548
680
370
905
144
79
475
225
936
676
662
844
127
910
178
961
487
855
486
598
995
349
804
843
78
478
438
137
581
973
609
129
653
332
386
150
411
861
727
348
537
389
192
16
300
722
977
787
929
464
385
924
813
541
119
243
19
558
380
600
883
342
81
889
674
467
391
437
328
470
785
217
860
329
234
512
403
563
651
685
27
388
961
193
929
81
436
301
991
169
901
226
511
983
115
185
802
858
622
483
329
760
52
541
441
638
53
197
202
56
882
581
444
843
774
373
924
563
26
267
732
928
494
595
263
961
132
417
820
754
900
501
866
953
394
660
591
799
857
145
855
739
727
299
934
853
24
211
416
51
478
500
331
324
95
946
286
227
363
458
334
616
311
552
569
705
212
512
504
421
10
711
512
737
362
447
942
386
658
359
789
488
211
472
813
659
418
451
238
134
909
572
750
572
477
319
277
41
183
133
463
545
844
975
634
206
774
577
944
784
936
86
625
499
558
438
158
977
241
397
111
150
321
861
722
798
532
351
192
67
484
7
613
328
334
247
886
109
824
830
245
112
916
870
612
827
308
122
804
549
519
267
51
841
480
125
991
364
476
535
783
312
542
396
992
877
996
878
986
172
61
231
637
329
102
601
156
762
723
312
664
595
931
67
788
411
193
131
127
21
667
911
686
209
659
678
86
7
909
424
532
322
8
169
651
462
770
160
576
845
472
240
792
404
308
580
167
853
712
647
874
379
558
560
940
569
591
379
577
500
155
109
822
163
630
825
977
752
985
554
597
810
146
742
214
454
322
733
659
34
380
886
765
290
446
58
860
389
789
789
241
944
898
63
460
880
241
437
632
226
343
581
36
490
323
602
944
646
336
604
32
68
490
150
359
288
560
571
30
349
360
