784
506
89
10
352
743
46
762
949
195
32
147
99
967
155
763
446
136
875
978
725
658
574
926
50
309
337
348
839
65
436
976
924
878
986
276
973
384
38
922
580
422
421
679
390
929
442
836
65
669
166
142
327
741
68
729
50
758
429
241
823
866
217
747
96
555
23
69
940
413
992
520
188
765
551
578
694
345
766
111
14
933
254
694
26
674
775
428
432
205
669
608
423
239
355
519
794
731
588
86
496
932
958
684
698
861
614
744
206
733
856
573
18
462
619
44
488
746
472
273
303
493
881
726
732
588
245
879
671
186
965
168
470
924
204
520
137
819
265
344
904
473
269
922
935
240
966
423
986
790
696
290
283
929
368
368
518
966
247
189
152
564
357
974
840
914
495
978
733
112
674
989
585
943
911
520
535
229
295
521
19
344
163
654
273
532
22
143
498
269
333
2
186
42
976
26
956
823
4
41
935
30
30
520
325
293
392
860
522
40
734
541
736
897
548
9
781
570
505
279
192
190
633
378
232
610
756
541
785
761
934
721
791
317
593
469
962
338
329
485
730
63
378
466
313
926
827
94
849
332
726
41
522
359
771
107
321
527
0
107
640
286
180
784
955
125
253
918
463
582
755
193
998
133
11
311
412
839
405
261
523
483
302
46
843
425
505
164
952
857
623
593
143
803
377
451
929
630
369
744
564
124
290
562
609
301
873
21
492
631
634
16
114
288
414
309
713
919
474
666
776
449
259
271
605
988
722
886
618
443
630
182
919
272
745
881
574
970
254
66
953
889
434
68
177
848
377
243
119
203
909
247
5
520
871
610
860
945
496
478
389
478
12
660
751
109
541
325
80
148
743
385
37
530
453
566
378
183
809
850
738
70
97
95
942
968
705
802
914
201
632
655
680
645
315
783
754
209
108
186
357
203
572
746
733
377
664
464
912
826
314
3
248
411
98
191
732
156
345
646
709
978
653
741
975
320
524
81
881
632
620
238
188
544
336
921
921
1
385
186
827
699
541
75
463
639
618
195
795
316
193
505
646
198
246
621
518
771
54
400
755
674
990
943
570
327
217
844
680
602
30
859
654
571
286
469
562
257
16
358
573
561
215
219
759
813
192
277
584
246
29
692
273
20
635
843
699
204
39
731
